   -1
   -5
  -13
  -13
  -15
  -13
  -11
   -5
   -3
   -3
  -11
  -13
   -7
   -9
  -11
   -7
   -7
   -7
   -5
   -7
   -3
   -3
  -13
  -13
  -13
  -11
  -15
  -11
  -13
  -11
  -15
  -23
  -17
  -13
   -3
    3
   -3
   -3
   -7
   -5
   -7
    1
   -3
   -9
   -9
   -7
   -7
   -7
   -9
   -9
  -11
  -15
  -15
   -5
   -7
   -7
   -7
   -9
   -7
   -7
   -7
   -3
    1
   -5
   -5
   -3
   -9
   -7
   -9
  -11
  -15
  -17
  -23
  -17
   -9
   -7
   -5
   -9
  -11
   -9
   -3
    3
    7
    5
   -5
   -7
   -7
   -7
  -11
   -9
   -9
   -9
  -13
  -17
  -11
  -11
  -11
  -13
  -11
   -5
   -3
    1
    3
    9
   -3
   -7
   -9
   -9
   -7
   -5
   -7
   -7
   -5
  -15
  -13
   -9
   -9
   -7
   -3
   -3
   -3
   -1
   -1
    5
    1
   -7
   -7
   -7
   -9
   -9
   -7
   -9
 1545
  101
 -229
 -259
 -229
 -197
 -163
 -141
 -113
  -35
  -13
   -7
   -1
   -5
  -11
  -11
  -13
  -11
  -13
  -13
  -15
   -7
  -11
   -9
   -1
   -3
   -5
   -3
   -5
   -5
   -5
   -5
   -1
    1
   -7
  -11
  -11
  -13
  -19
  -13
   -5
  -11
  -15
  -19
   -9
   -5
   -5
   -7
   -7
   -5
   -7
   -7
   -5
    3
   -1
   -9
   -9
  -11
  -13
  -13
  -13
  -13
  -15
  -21
  -25
  -13
   -9
   -9
   -7
   -5
   -9
   -1
    3
    3
    7
   -5
   -9
   -9
  -11
  -13
  -13
  -13
  -15
  -17
  -21
  -11
   -3
    1
    5
    5
    5
    3
    1
   -1
    7
    5
   -3
   -3
   -7
   -1
   -3
   -1
   -1
   -3
   -7
  -15
   -3
   -1
   -1
    1
    5
    5
    5
    3
    7
   13
    9
    5
    7
    1
   -1
   -1
   -3
   -5
   -9
  -13
   -5
    5
    3
   -1
    3
    5
    5
    7
    9
   11
    9
   -3
   -3
   -5
   -9
  -13
  -11
   -9
  -11
  -11
  -17
   -9
   -7
   -7
   -7
   -7
   -9
   -9
   -9
   -9
   -3
   -7
  -13
  -11
   -7
  -11
  -15
  -13
  -15
  -13
  -19
  -17
  -13
  -15
  -11
   -9
  -13
  -13
  -13
  -11
   -9
   -3
   -9
   -5
   -5
   -7
  -11
   -9
  -11
  -13
  -13
  -19
  -11
   -9
  -11
   -7
   -9
   -9
   -9
   -9
   -5
   -1
   -3
  -13
  -13
  -15
  -11
  -13
  -15
  -17
  -15
  -17
  -19
  -13
  -13
  -11
  -11
   -9
   -9
  -11
  -11
   -7
   -1
  -11
  -13
  -15
  -11
  -13
  -11
   -9
  -13
  -13
  -21
  -21
  -15
  -17
  -11
   -1
   -1
   -5
   -9
  -11
  -11
  -17
  -27
  -27
  -27
  -27
  -27
  -19
  -21
  -25
  -31
  -31
  -17
  -11
   -7
    5
   15
   21
   31
   41
   53
   67
   67
   71
   81
   93
  101
  107
  117
  127
  137
  141
  155
  171
  173
  175
  177
  181
  179
  181
  179
  177
  169
  147
  125
  109
   99
   85
   71
   59
   47
   37
   25
   23
   23
   13
    7
    1
   -5
   -5
   -9
   -9
   -7
  -11
  -15
  -17
  -15
  -13
  -13
  -15
  -13
   -9
  -11
   -7
   -3
   -5
   -9
   -7
   -1
    3
   -1
   -3
    7
    9
    1
   -1
   -5
   -7
  -11
  -11
  -13
  -11
  -15
  -23
  -17
  -13
  -13
   -9
   -3
   -1
   -3
   -7
   -3
   -1
    1
   -5
   -5
   -7
   -7
   -9
  -11
  -11
  -11
  -13
  -17
   -5
   -7
   -7
   -5
   -9
   -9
   -9
   -9
   -9
   -3
   -9
   -9
   -5
   -7
   -7
   -9
  -13
  -13
   -9
  -13
   -9
   -5
   -5
   -3
   -3
   -3
   -5
   -5
   -1
    3
   -1
   -9
   -7
   -9
   -9
  -11
  -13
  -11
  -11
  -11
  -17
  -11
   -9
   -7
   -3
   -3
   -7
   -7
   -9
   -9
   -1
   -5
  -11
   -9
   -7
   -7
  -11
  -11
   -7
   -1
   -7
  -11
   -3
   -7
   -7
   -7
   -7
   -5
    1
    5
    7
    7
   -3
   -5
   -7
   -5
   -7
   -3
   -7
  -11
  -13
  -21
  -15
   -7
   -5
   -3
   -1
    1
   -1
    1
   -1
    3
   -1
   -7
   -9
   -9
   -9
  -11
  -11
   -5
   -5
   -9
   -9
   -3
   -1
    1
   -3
   -3
   -5
   -3
    1
    1
    5
   -7
   -7
