2
2
2
1
1
1
1
2
2
3
4
3
2
2
2
2
1
1
2
0
1
0
1
2
2
2
2
2
2
1
2
2
2
2
1
2
2
2
2
2
3
4
3
2
2
2
3
2
2
1
2
3
3
2
1
1
2
1
2
3
3
4
2
1
2
1
1
0
-3
-12
-21
-30
-41
-58
-60
-47
-33
-18
-4
14
32
41
40
34
28
22
17
12
7
5
6
5
5
4
4
4
3
4
3
3
3
2
1
1
1
1
0
0
0
0
-1
-1
-1
-2
-4
-4
-5
-5
-5
-6
-8
-7
-8
-9
-10
-10
-12
-12
-13
-13
-15
-14
-14
-14
-16
-16
-16
-16
-16
-15
-14
-13
-12
-11
-10
-9
-8
-7
-6
-4
-4
-2
-1
-1
0
2
2
4
4
4
5
4
5
6
5
6
5
6
4
4
4
4
5
7
8
8
8
8
7
8
8
7
8
7
8
8
8
9
7
8
8
8
9
8
8
8
7
8
7
7
8
8
8
8
8
10
8
8
9
8
12
8
9
12
8
12
8
8
10
9
9
8
9
12
8
8
8
8
10
8
8
9
8
9
8
8
8
8
9
8
8
9
8
9
9
8
10
8
9
8
